$ANSIBLE_VAULT;1.1;AES256
39396237616662633966336430633137313761663166646264643032366436386462643265353366
6436643432363161323363303763613038363737363333650a653733303561633335363939373830
62643632626531323862366636393762366331326433313435303639636234363737626365383366
3662623539386332300a393764363739316435363434343934653437303061643632313763396536
31363362646263373539353134393836666335336464376462613839343162373161623333373433
37323864366663353236663831393061633639333666666161353036303636656435376636393636
30336463643830313836306637323461646362626663393534623331306335663534313232643530
34646139633734306664626365363033396231633766303031663161663637306262616261663532
35313465643362653330393663323563353065386265383530333034393730333739643534313938
35663964326564353735313034653531366237336639636638636664666230353566626662343435
32366165656536653039383865633238666138383962653232636366396132366331623236663639
64393533366437356532666265643234333766396530666636646361303136396539663763653162
64383765376339626438323831623534306137643534333863396239653032616335383038613263
6136343663373633306239656433373032333833633733346361
