$ANSIBLE_VAULT;1.1;AES256
34313035633536623337653666393434316538636238653339356536653635643238363365613830
3063386638316536626461633130353330356635643337360a346533383934303234383131653065
63663335663036386365393634303532393339303431393938393038646638363138376230346264
3065653838623134640a663838623566656666363933623664353531336465383635666166373838
30363833323935346463333237323862356539356162663131643761626235653931633930636139
33623237323661333934363634646161666134646439313465313630303831343366353465643833
36386337363736323234313330386431336163373139346562663364653961316463373333316535
38366538323464616139396262386633643639313136643834373963656538363537316237313935
36633532383362666632323137646436363732643330623938396234613434306564623738663235
31396164366165383564353233366532356338643933623635376361383033343336636532356365
66313534313761336563613136666165313362626439303233656665376431393037646538613761
30326339643034336664396131633562643131663161346661363739376265343234343266326562
35306139646561323837333332613865346330386462623638343162616462323636663665646235
37383336316638373266303864366632363136353339633031626538643231626231653335343838
32373839656663666432613936386235643131623964333932643439393935363236613037303930
36333930383836363334313362383436376664366139663362373539376438333239653830646335
36306235653264313230363731353431393538336462346231343466633333306434623630303830
64333766653337343934623238336231386638333061316139393831336135336134633633393335
30393030353861636539623865326437346264663231313262383937656233613732353538653033
36336563656462653364336231366334613237633932366562376165376530306638326361363131
30306538646238613265363132386230343031653631353837373332303035383032316238323365
30366563643465326261633864383039616336316536343461613838653137646661316662613037
326430633437616564316433656631323563
